[gd_scene load_steps=15 format=3 uid="uid://bgpghlxv02aje"]

[ext_resource type="Texture2D" uid="uid://c8arnlq67qi7" path="res://assets/textures/grids/Dark/texture_05.png" id="1_41pxh"]
[ext_resource type="Texture2D" uid="uid://b58xv1joypxo5" path="res://assets/textures/grids/Orange/texture_09.png" id="2_uv6pc"]
[ext_resource type="Texture2D" uid="uid://cm5m7nr7dugjd" path="res://assets/textures/grids/Purple/texture_09.png" id="3_buqhr"]
[ext_resource type="Texture2D" uid="uid://djg8y25y06h5n" path="res://assets/textures/grids/Green/texture_09.png" id="4_i7ndb"]
[ext_resource type="Texture2D" uid="uid://c13wvaoi1137m" path="res://assets/textures/PNG/Light/texture_08.png" id="5_nw2ni"]
[ext_resource type="PackedScene" uid="uid://bf7t7yyn1vrxa" path="res://scenes/player.tscn" id="5_xrua8"]

[sub_resource type="ProceduralSkyMaterial" id="ProceduralSkyMaterial_uytnp"]
sky_horizon_color = Color(0.64625, 0.65575, 0.67075, 1)
ground_horizon_color = Color(0.64625, 0.65575, 0.67075, 1)

[sub_resource type="Sky" id="Sky_kyybc"]
sky_material = SubResource("ProceduralSkyMaterial_uytnp")

[sub_resource type="Environment" id="Environment_fbexh"]
background_mode = 2
sky = SubResource("Sky_kyybc")
tonemap_mode = 2
glow_enabled = true
fog_density = 0.001

[sub_resource type="StandardMaterial3D" id="StandardMaterial3D_233rl"]
albedo_texture = ExtResource("1_41pxh")
uv1_triplanar = true

[sub_resource type="StandardMaterial3D" id="StandardMaterial3D_372wy"]
albedo_texture = ExtResource("2_uv6pc")

[sub_resource type="StandardMaterial3D" id="StandardMaterial3D_ggemb"]
albedo_texture = ExtResource("3_buqhr")
uv1_triplanar = true

[sub_resource type="StandardMaterial3D" id="StandardMaterial3D_p7i7u"]
albedo_texture = ExtResource("4_i7ndb")
uv1_triplanar = true

[sub_resource type="StandardMaterial3D" id="StandardMaterial3D_ctnqo"]
albedo_texture = ExtResource("5_nw2ni")
uv1_triplanar = true

[node name="World" type="Node3D"]

[node name="DirectionalLight3D" type="DirectionalLight3D" parent="."]
transform = Transform3D(-0.866025, -0.433013, 0.25, 0, 0.5, 0.866025, -0.5, 0.75, -0.433013, 0, 0, 0)
shadow_enabled = true

[node name="WorldEnvironment" type="WorldEnvironment" parent="."]
environment = SubResource("Environment_fbexh")

[node name="Map" type="Node3D" parent="."]

[node name="floor" type="CSGBox3D" parent="Map"]
transform = Transform3D(1, 0, 0, 0, 1, 0, 0, 0, 1, 0, -0.537283, 0)
material_override = SubResource("StandardMaterial3D_233rl")
use_collision = true
size = Vector3(1000, 1, 1000)

[node name="CSGBox3D" type="CSGBox3D" parent="Map"]
transform = Transform3D(0.439155, 0, 0.898411, 0, 1, 0, -0.898411, 0, 0.439155, 0, 0.473802, -4.19383)
material_override = SubResource("StandardMaterial3D_372wy")
use_collision = true

[node name="CSGBox3D2" type="CSGBox3D" parent="Map"]
transform = Transform3D(-0.614285, 0, 0.789084, 0, 1, 0, -0.789084, 0, -0.614285, -6.70808, 0.973802, -6.03557)
material_override = SubResource("StandardMaterial3D_ggemb")
use_collision = true
size = Vector3(2, 2, 2)

[node name="CSGBox3D3" type="CSGBox3D" parent="Map"]
transform = Transform3D(-0.245307, 0, -0.969445, 0, 1, 0, 0.969445, 0, -0.245307, -7.34998, 1.50207, 2.96523)
material_override = SubResource("StandardMaterial3D_p7i7u")
use_collision = true
size = Vector3(3, 3, 3)

[node name="CSGBox3D4" type="CSGBox3D" parent="Map"]
transform = Transform3D(1, 0, 0, 0, 1, 0, 0, 0, 1, 5.90888, 2.91337, -4.1863)
material_override = SubResource("StandardMaterial3D_ctnqo")
use_collision = true
size = Vector3(0.0654297, 5.98547, 12.7574)

[node name="player" parent="." instance=ExtResource("5_xrua8")]
transform = Transform3D(1, 0, 0, 0, 1, 0, 0, 0, 1, 0, 3.4667, 0)
